[app/ui]
version = 8.0.2.1
modtime = 1585959342.165420000

[app/launcher]
version = 8.0.2.1
modtime = 1585959342.166463000
